4.119931004723142820e+01 1.009999999999999964e+01
4.110000000000000142e+01 1.016946318466455246e+01
4.092738139058239710e+01 1.030000000000000071e+01
4.089999999999999858e+01 1.032432458093965089e+01
4.070655022820439228e+01 1.050000000000000000e+01
4.070000000000000284e+01 1.050301316604508806e+01
4.050000000000000000e+01 1.056989757535034080e+01
4.029999999999999716e+01 1.062042344463029764e+01
4.010000000000000142e+01 1.066450837970361398e+01
3.993947357998974468e+01 1.069999999999999929e+01
3.989999999999999858e+01 1.070905599357677040e+01
3.970000000000000284e+01 1.075538712720712020e+01
3.950000000000000000e+01 1.080216595548229641e+01
3.929999999999999716e+01 1.084939885535171733e+01
3.910000000000000142e+01 1.089709215201932402e+01
3.908792622041286080e+01 1.090000000000000036e+01
3.889999999999999858e+01 1.094692773714305645e+01
3.870000000000000284e+01 1.099736076763401016e+01
3.850000000000000000e+01 1.104829058009040388e+01
3.829999999999999716e+01 1.109972372250870087e+01
3.829893645487649678e+01 1.109999999999999964e+01
3.810000000000000142e+01 1.115354008154586118e+01
3.789999999999999858e+01 1.120790091965746171e+01
3.770000000000000284e+01 1.126280356617552236e+01
3.756585318969255383e+01 1.130000000000000071e+01
3.750000000000000000e+01 1.131890332911149777e+01
3.729999999999999716e+01 1.137689750673490785e+01
3.710000000000000142e+01 1.143547344923749520e+01
