4.070037643301647279e+01 1.009999999999999964e+01
4.070000000000000284e+01 1.010007664167064156e+01
4.050000000000000000e+01 1.014125463878414024e+01
4.029999999999999716e+01 1.018292225973331000e+01
4.010000000000000142e+01 1.022508868449869546e+01
3.989999999999999858e+01 1.026776270320281625e+01
3.975069804612418523e+01 1.030000000000000071e+01
3.970000000000000284e+01 1.031141909411977231e+01
3.950000000000000000e+01 1.035699527293480315e+01
3.929999999999999716e+01 1.040313176747299551e+01
3.910000000000000142e+01 1.044983877719749010e+01
3.889999999999999858e+01 1.049712678695046719e+01
3.888799050863731566e+01 1.050000000000000000e+01
3.870000000000000284e+01 1.054688861948166512e+01
3.850000000000000000e+01 1.059739935786107168e+01
3.829999999999999716e+01 1.064855003549983259e+01
3.810135890544718507e+01 1.069999999999999929e+01
3.810000000000000142e+01 1.070036668255465706e+01
3.789999999999999858e+01 1.075498598566945851e+01
3.770000000000000284e+01 1.081030688490396585e+01
3.750000000000000000e+01 1.086634101235370053e+01
3.738136214484431008e+01 1.090000000000000036e+01
3.729999999999999716e+01 1.092402829644593254e+01
3.710000000000000142e+01 1.098383163098040427e+01
