4.189999999999999858e+01 1.048707177733707141e+01
4.182861172787687565e+01 1.050000000000000000e+01
4.170000000000000284e+01 1.052420389473651063e+01
4.150000000000000000e+01 1.056221335052001109e+01
4.129999999999999716e+01 1.060059718183911670e+01
4.110000000000000142e+01 1.063935362073457824e+01
4.089999999999999858e+01 1.067849868505557076e+01
4.079122466122909429e+01 1.069999999999999929e+01
4.070000000000000284e+01 1.071872931259968809e+01
4.050000000000000000e+01 1.076020121358335935e+01
4.029999999999999716e+01 1.080209068921048399e+01
4.010000000000000142e+01 1.084440274877609234e+01
3.989999999999999858e+01 1.088714451055749066e+01
3.984045280649338139e+01 1.090000000000000036e+01
3.970000000000000284e+01 1.093146822124885631e+01
3.950000000000000000e+01 1.097673665233164186e+01
3.929999999999999716e+01 1.102247213772043821e+01
3.910000000000000142e+01 1.106868173474223127e+01
3.896584620758955708e+01 1.109999999999999964e+01
3.889999999999999858e+01 1.111594237031703081e+01
3.870000000000000284e+01 1.116487209947491266e+01
3.850000000000000000e+01 1.121431679721293051e+01
3.829999999999999716e+01 1.126428456768597108e+01
3.815854953996686305e+01 1.130000000000000071e+01
3.810000000000000142e+01 1.131531794159953108e+01
3.789999999999999858e+01 1.136820053410476916e+01
3.770000000000000284e+01 1.142165131278504830e+01
3.750000000000000000e+01 1.147567905681978573e+01
3.741093325340430198e+01 1.150000000000000000e+01
3.729999999999999716e+01 1.153135196277963104e+01
3.710000000000000142e+01 1.158842246193356651e+01
