4.189999999999999858e+01 1.041674571097621183e+01
4.170000000000000284e+01 1.042089726605452071e+01
4.150000000000000000e+01 1.044632753113808477e+01
4.129999999999999716e+01 1.048013436918014207e+01
4.111706371361294998e+01 1.050000000000000000e+01
4.110000000000000142e+01 1.050277844628750046e+01
4.089999999999999858e+01 1.054770066415102114e+01
4.070000000000000284e+01 1.059305297285084002e+01
4.050000000000000000e+01 1.063884121221529178e+01
4.029999999999999716e+01 1.068507129528845567e+01
4.023604003039731225e+01 1.069999999999999929e+01
4.010000000000000142e+01 1.073295482099686993e+01
3.989999999999999858e+01 1.078187583692924356e+01
3.970000000000000284e+01 1.083127387170586964e+01
3.950000000000000000e+01 1.088115557858936633e+01
3.942518536833228637e+01 1.090000000000000036e+01
3.929999999999999716e+01 1.093270034677260405e+01
3.910000000000000142e+01 1.098546106952571577e+01
3.889999999999999858e+01 1.103874412245905567e+01
3.870000000000000284e+01 1.109255712667414606e+01
3.867261502300920739e+01 1.109999999999999964e+01
3.850000000000000000e+01 1.114861701745234157e+01
3.829999999999999716e+01 1.120551262875140353e+01
3.810000000000000142e+01 1.126298068618417680e+01
3.797246234512369512e+01 1.130000000000000071e+01
3.789999999999999858e+01 1.132178108085246393e+01
3.770000000000000284e+01 1.138251438790010184e+01
3.750000000000000000e+01 1.144386628882868173e+01
3.731886765780672732e+01 1.150000000000000000e+01
3.729999999999999716e+01 1.150605103478293145e+01
3.710000000000000142e+01 1.157086260270907729e+01
