4.179445237877438046e+01 1.009999999999999964e+01
4.170000000000000284e+01 1.013181604560917926e+01
4.150000000000000000e+01 1.019397242025892325e+01
4.129999999999999716e+01 1.025130810826476058e+01
4.114057886519998419e+01 1.030000000000000071e+01
4.110000000000000142e+01 1.031143124107471820e+01
4.089999999999999858e+01 1.035918405554953559e+01
4.070000000000000284e+01 1.040328884175201196e+01
4.050000000000000000e+01 1.044265423765630274e+01
4.029999999999999716e+01 1.048436467898891600e+01
4.020317431977068878e+01 1.050000000000000000e+01
4.010000000000000142e+01 1.051826309283572414e+01
3.989999999999999858e+01 1.056339557345845925e+01
3.970000000000000284e+01 1.060898303749047145e+01
3.950000000000000000e+01 1.065424528054628617e+01
3.930666718545737126e+01 1.069999999999999929e+01
3.929999999999999716e+01 1.070163849280609902e+01
3.910000000000000142e+01 1.075129482093566047e+01
3.889999999999999858e+01 1.080146422952172003e+01
3.870000000000000284e+01 1.085215457161559627e+01
3.851317444388792666e+01 1.090000000000000036e+01
3.850000000000000000e+01 1.090350107410666070e+01
3.829999999999999716e+01 1.095720820429157172e+01
3.810000000000000142e+01 1.101148121100233013e+01
3.789999999999999858e+01 1.106632930639137768e+01
3.777851595265769191e+01 1.109999999999999964e+01
3.770000000000000284e+01 1.112256626420235861e+01
3.750000000000000000e+01 1.118066347447391884e+01
3.729999999999999716e+01 1.123938590328129195e+01
3.710000000000000142e+01 1.129874328065561606e+01
